ClrHome
StoreGDB GDB1
CoordOff
GridOff
AxesOff
LabelOff
ExprOff
0→Xmin
0→Ymin
90→Xmax
56→Ymax
ClrDraw
Line(0,0,90,0
Line(90,0,90,56
Line(90,56,0,56
Line(0,56,0,0
Line(4.5,51,22.5,51
Line(22.5,51,22.5,40.8
Line(22.5,40.8,27,40.8
Line(27,40.8,27,51
Line(27,51,63,51
Line(63,51,63,40.8
Line(63,40.8,67.5,40.8
Line(67.5,40.8,67.5,51
Line(67.5,51,85.5,51
Line(85.5,51,85.5,5.1
Line(85.5,5.1,67.5,5.1
Line(67.5,5.1,67.5,15.3
Line(67.5,15.3,63,15.3
Line(63,15.3,63,5.1
Line(63,5.1,27,5.1
Line(27,5.1,27,15.3
Line(27,15.3,22.5,15.3
Line(22.5,15.3,22.5,5.1
Line(22.5,5.1,4.5,5.1
Line(4.5,5.1,4.5,51
Line(9,45.9,18,45.9
Line(18,45.9,18,40.8
Line(18,40.8,13.5,40.8
Line(13.5,40.8,13.5,30.6
Line(13.5,30.6,9,30.6
Line(9,30.6,9,45.9
Line(9,25.5,13.5,25.5
Line(13.5,25.5,13.5,15.3
Line(13.5,15.3,18,15.3
Line(18,15.3,18,10.2
Line(18,10.2,9,10.2
Line(9,10.2,9,25.5
Line(72,45.9,81,45.9
Line(81,45.9,81,30.6
Line(81,30.6,76.5,30.6
Line(76.5,30.6,76.5,40.8
Line(76.5,40.8,72,40.8
Line(72,40.8,72,45.9
Line(76.5,25.5,81,25.5
Line(81,25.5,81,10.2
Line(81,10.2,72,10.2
Line(72,10.2,72,15.3
Line(72,15.3,76.5,15.3
Line(76.5,15.3,76.5,25.5
Line(31.5,45.9,58.5,45.9
Line(58.5,45.9,58.5,40.8
Line(58.5,40.8,31.5,40.8
Line(31.5,40.8,31.5,45.9
Line(31.5,15.3,58.5,15.3
Line(58.5,15.3,58.5,10.2
Line(58.5,10.2,31.5,10.2
Line(31.5,10.2,31.5,15.3
Line(18,35.7,27,35.7
Line(27,35.7,27,30.6
Line(27,30.6,18,30.6
Line(18,30.6,18,35.7
Line(18,25.5,27,25.5
Line(27,25.5,27,20.4
Line(27,20.4,18,20.4
Line(18,20.4,18,25.5
Line(63,35.7,72,35.7
Line(72,35.7,72,30.6
Line(72,30.6,63,30.6
Line(63,30.6,63,35.7
Line(63,25.5,72,25.5
Line(72,25.5,72,20.4
Line(72,20.4,63,20.4
Line(63,20.4,63,25.5
Line(40.5,35.7,31.5,35.7
Line(31.5,35.7,31.5,20.4
Line(31.5,20.4,58.5,20.4
Line(58.5,20.4,58.5,35.7
Line(58.5,35.7,49.5,35.7
Line(49.5,35.7,49.5,30.6
Line(49.5,30.6,54,30.6
Line(54,30.6,54,25.5
Line(54,25.5,36,25.5
Line(36,25.5,36,30.6
Line(36,30.6,40.5,30.6
Line(40.5,30.6,40.5,35.7
Pause 
RecallGDB GDB1
DelVar GDB1
Pause 